c = 0.369021
a = 1.238497